Country,Australia,Austria,Benin,Bosnia and Herzegovina,Brazil,Bulgaria,Canada,Finland,Gambia,Germany,Ireland,Israel,Italy,Kenya,"Korea, South",Netherlands,Nigeria,Peru,Poland,Prefer not to say,Romania,Russia,Swaziland,Sweden,Trinidad and Tobago,Ukraine,United Kingdom,United States
--,7.63765541740675,3.374777975133215,0.0,1.9538188277087036,1.7761989342806392,1.9538188277087036,3.197158081705151,1.2433392539964476,0.0,5.328596802841918,1.5985790408525755,3.197158081705151,0.7104795737122558,0.0,1.9538188277087036,5.150976909413854,0.0,0.0,1.5985790408525755,4.7957371225577266,3.5523978685612785,0.0,0.7104795737122558,3.5523978685612785,2.664298401420959,2.3090586145648313,20.24866785079929,21.49200710479574
Afghanistan,0.0,0.0,50.0,0.0,0.0,0.0,0.0,0.0,0.0,0.0,0.0,0.0,0.0,0.0,0.0,0.0,0.0,0.0,0.0,0.0,0.0,0.0,0.0,0.0,0.0,0.0,0.0,50.0
Algeria,0.0,0.0,0.0,0.0,0.0,0.0,33.33333333333333,0.0,0.0,0.0,0.0,33.33333333333333,0.0,0.0,0.0,0.0,0.0,0.0,0.0,0.0,0.0,0.0,0.0,0.0,0.0,0.0,0.0,33.33333333333333
Angola,0.0,0.0,0.0,0.0,0.0,0.0,0.0,0.0,50.0,0.0,0.0,0.0,0.0,0.0,0.0,0.0,0.0,0.0,0.0,0.0,0.0,0.0,50.0,0.0,0.0,0.0,0.0,0.0
Argentina,0.0,0.0,0.0,0.0,0.0,0.0,0.0,0.0,0.0,0.0,0.0,0.0,0.0,0.0,0.0,0.0,0.0,0.0,0.0,0.0,0.0,0.0,0.0,0.0,0.0,0.0,0.0,100.0
Armenia,0.0,0.0,0.0,0.0,0.0,0.0,0.0,0.0,0.0,0.0,0.0,0.0,0.0,0.0,0.0,0.0,0.0,0.0,0.0,0.0,0.0,0.0,0.0,0.0,0.0,0.0,0.0,100.0
Australia,50.0,0.0,12.5,0.0,0.0,0.0,0.0,0.0,0.0,0.0,0.0,0.0,0.0,0.0,0.0,0.0,0.0,0.0,0.0,0.0,0.0,0.0,0.0,0.0,0.0,0.0,25.0,12.5
Azerbaijan,0.0,0.0,0.0,0.0,0.0,0.0,0.0,0.0,0.0,0.0,0.0,0.0,0.0,0.0,0.0,0.0,0.0,0.0,0.0,0.0,0.0,0.0,0.0,0.0,0.0,0.0,0.0,100.0
Belarus,0.0,0.0,0.0,0.0,4.0,4.0,4.0,0.0,0.0,0.0,0.0,4.0,8.0,0.0,0.0,0.0,20.0,0.0,0.0,0.0,8.0,0.0,0.0,0.0,0.0,0.0,20.0,28.000000000000004
Belgium,0.0,0.0,100.0,0.0,0.0,0.0,0.0,0.0,0.0,0.0,0.0,0.0,0.0,0.0,0.0,0.0,0.0,0.0,0.0,0.0,0.0,0.0,0.0,0.0,0.0,0.0,0.0,0.0
Belize,33.33333333333333,0.0,0.0,0.0,0.0,0.0,0.0,0.0,0.0,0.0,0.0,33.33333333333333,0.0,0.0,0.0,33.33333333333333,0.0,0.0,0.0,0.0,0.0,0.0,0.0,0.0,0.0,0.0,0.0,0.0
Benin,0.0,0.0,0.0,0.0,0.0,0.0,0.0,0.0,0.0,0.0,0.0,0.0,0.0,0.0,0.0,0.0,0.0,0.0,0.0,0.0,0.0,0.0,100.0,0.0,0.0,0.0,0.0,0.0
Bosnia and Herzegovina,0.0,0.0,0.0,0.0,0.0,0.0,0.0,0.0,0.0,0.0,0.0,0.0,0.0,0.0,0.0,0.0,0.0,0.0,0.0,0.0,0.0,0.0,0.0,0.0,0.0,0.0,100.0,0.0
Botswana,0.0,0.0,0.0,0.0,0.0,0.0,0.0,0.0,0.0,0.0,0.0,0.0,0.0,0.0,0.0,0.0,0.0,0.0,0.0,0.0,0.0,0.0,0.0,0.0,0.0,0.0,0.0,100.0
Brazil,3.1746031746031744,0.0,1.5873015873015872,1.5873015873015872,12.698412698412698,0.0,0.0,0.0,0.0,0.0,3.1746031746031744,9.523809523809524,0.0,0.0,0.0,0.0,4.761904761904762,7.936507936507936,3.1746031746031744,4.761904761904762,0.0,7.936507936507936,0.0,0.0,0.0,6.349206349206349,17.46031746031746,15.873015873015872
Bulgaria,0.0,0.0,0.0,37.5,0.0,0.0,0.0,0.0,0.0,0.0,0.0,0.0,0.0,0.0,0.0,0.0,25.0,0.0,0.0,0.0,12.5,0.0,0.0,0.0,0.0,12.5,0.0,12.5
Cambodia,0.0,0.0,0.0,0.0,0.0,0.0,0.0,0.0,0.0,0.0,0.0,0.0,0.0,0.0,0.0,0.0,0.0,0.0,0.0,66.66666666666666,0.0,0.0,0.0,0.0,0.0,0.0,33.33333333333333,0.0
Cameroon,0.0,0.0,0.0,0.0,0.0,0.0,0.0,0.0,0.0,0.0,0.0,0.0,0.0,0.0,0.0,0.0,0.0,0.0,0.0,20.0,0.0,0.0,0.0,0.0,0.0,0.0,0.0,80.0
Canada,0.0,0.0,25.0,0.0,0.0,0.0,37.5,0.0,12.5,0.0,0.0,0.0,0.0,0.0,0.0,0.0,0.0,0.0,0.0,0.0,0.0,0.0,0.0,0.0,0.0,0.0,0.0,25.0
Central African Republic,0.0,0.0,0.0,0.0,0.0,0.0,0.0,0.0,0.0,0.0,0.0,100.0,0.0,0.0,0.0,0.0,0.0,0.0,0.0,0.0,0.0,0.0,0.0,0.0,0.0,0.0,0.0,0.0
Chile,0.0,0.0,0.0,0.0,0.0,0.0,0.0,0.0,0.0,0.0,0.0,0.0,0.0,0.0,0.0,0.0,0.0,100.0,0.0,0.0,0.0,0.0,0.0,0.0,0.0,0.0,0.0,0.0
China,4.938271604938271,0.0,0.0,1.8518518518518516,0.6172839506172839,1.2345679012345678,3.0864197530864197,0.6172839506172839,0.0,2.4691358024691357,1.2345679012345678,5.555555555555555,0.6172839506172839,1.8518518518518516,3.0864197530864197,1.8518518518518516,8.024691358024691,1.2345679012345678,1.2345679012345678,6.172839506172839,1.8518518518518516,4.320987654320987,0.0,0.0,0.6172839506172839,4.938271604938271,16.666666666666664,25.925925925925924
Colombia,0.0,0.0,0.0,0.0,0.0,0.0,0.0,0.0,0.0,0.0,0.0,0.0,0.0,0.0,0.0,0.0,0.0,60.0,0.0,0.0,0.0,0.0,0.0,0.0,0.0,0.0,0.0,40.0
Cuba,0.0,0.0,0.0,0.0,0.0,0.0,0.0,0.0,0.0,0.0,0.0,0.0,0.0,0.0,0.0,0.0,0.0,0.0,0.0,0.0,0.0,0.0,0.0,0.0,0.0,0.0,0.0,100.0
Cyprus,0.0,0.0,0.0,0.0,0.0,0.0,0.0,0.0,0.0,0.0,0.0,0.0,0.0,0.0,0.0,33.33333333333333,33.33333333333333,0.0,0.0,0.0,0.0,0.0,0.0,0.0,0.0,0.0,0.0,33.33333333333333
Czech Republic,0.0,0.0,0.0,0.0,0.0,0.0,0.0,0.0,0.0,0.0,0.0,0.0,0.0,0.0,0.0,0.0,0.0,0.0,0.0,0.0,0.0,0.0,0.0,0.0,0.0,0.0,50.0,50.0
Dominican Republic,0.0,0.0,0.0,0.0,0.0,0.0,0.0,0.0,0.0,0.0,0.0,0.0,0.0,0.0,0.0,0.0,0.0,0.0,0.0,0.0,0.0,0.0,0.0,0.0,0.0,0.0,0.0,100.0
Ecuador,0.0,0.0,0.0,0.0,0.0,0.0,0.0,0.0,0.0,0.0,0.0,0.0,0.0,0.0,0.0,0.0,0.0,100.0,0.0,0.0,0.0,0.0,0.0,0.0,0.0,0.0,0.0,0.0
Egypt,0.0,0.0,0.0,0.0,0.0,0.0,0.0,0.0,0.0,0.0,0.0,0.0,0.0,0.0,0.0,0.0,0.0,0.0,0.0,0.0,0.0,0.0,0.0,0.0,0.0,0.0,100.0,0.0
Equatorial Guinea,0.0,0.0,0.0,0.0,0.0,0.0,0.0,0.0,100.0,0.0,0.0,0.0,0.0,0.0,0.0,0.0,0.0,0.0,0.0,0.0,0.0,0.0,0.0,0.0,0.0,0.0,0.0,0.0
Estonia,20.0,0.0,0.0,0.0,0.0,0.0,0.0,0.0,0.0,0.0,0.0,0.0,20.0,0.0,0.0,0.0,20.0,0.0,0.0,0.0,0.0,0.0,0.0,0.0,0.0,0.0,0.0,40.0
Ethiopia,0.0,0.0,0.0,0.0,0.0,0.0,0.0,0.0,0.0,0.0,0.0,0.0,0.0,0.0,0.0,0.0,0.0,0.0,0.0,0.0,0.0,0.0,0.0,0.0,0.0,0.0,0.0,100.0
France,0.0,0.0,0.0,12.5,0.0,0.0,12.5,12.5,0.0,0.0,0.0,0.0,0.0,0.0,0.0,0.0,12.5,0.0,0.0,12.5,0.0,0.0,0.0,0.0,0.0,0.0,12.5,25.0
Gambia,0.0,0.0,0.0,0.0,0.0,0.0,0.0,0.0,75.0,0.0,0.0,0.0,0.0,0.0,0.0,0.0,0.0,0.0,0.0,0.0,0.0,0.0,25.0,0.0,0.0,0.0,0.0,0.0
Georgia,0.0,0.0,0.0,0.0,0.0,0.0,0.0,0.0,0.0,0.0,0.0,0.0,0.0,0.0,0.0,0.0,0.0,0.0,0.0,0.0,0.0,0.0,0.0,0.0,0.0,0.0,50.0,50.0
Germany,0.0,0.0,7.6923076923076925,7.6923076923076925,0.0,0.0,0.0,15.384615384615385,0.0,0.0,0.0,7.6923076923076925,0.0,0.0,0.0,0.0,0.0,0.0,0.0,7.6923076923076925,0.0,0.0,0.0,0.0,0.0,0.0,38.46153846153847,15.384615384615385
Ghana,0.0,0.0,0.0,0.0,0.0,0.0,0.0,0.0,13.043478260869565,0.0,4.3478260869565215,0.0,4.3478260869565215,4.3478260869565215,0.0,0.0,8.695652173913043,0.0,0.0,0.0,0.0,0.0,21.73913043478261,0.0,0.0,0.0,13.043478260869565,30.434782608695656
Greece,0.0,0.0,100.0,0.0,0.0,0.0,0.0,0.0,0.0,0.0,0.0,0.0,0.0,0.0,0.0,0.0,0.0,0.0,0.0,0.0,0.0,0.0,0.0,0.0,0.0,0.0,0.0,0.0
Guinea-Bissau,0.0,0.0,0.0,0.0,0.0,0.0,0.0,0.0,100.0,0.0,0.0,0.0,0.0,0.0,0.0,0.0,0.0,0.0,0.0,0.0,0.0,0.0,0.0,0.0,0.0,0.0,0.0,0.0
Haiti,0.0,0.0,33.33333333333333,0.0,0.0,0.0,0.0,0.0,0.0,0.0,0.0,0.0,0.0,0.0,0.0,0.0,0.0,0.0,0.0,33.33333333333333,0.0,0.0,0.0,0.0,0.0,0.0,0.0,33.33333333333333
Hungary,0.0,0.0,0.0,0.0,0.0,0.0,0.0,0.0,0.0,0.0,0.0,0.0,0.0,0.0,0.0,0.0,100.0,0.0,0.0,0.0,0.0,0.0,0.0,0.0,0.0,0.0,0.0,0.0
India,7.5,0.0,10.0,0.0,0.0,0.0,0.0,0.0,0.0,0.0,0.0,2.5,2.5,0.0,2.5,5.0,10.0,0.0,2.5,5.0,7.5,0.0,0.0,0.0,0.0,0.0,10.0,35.0
Indonesia,37.5,0.0,0.0,0.0,0.0,0.0,0.0,0.0,0.0,0.0,0.0,0.0,12.5,0.0,0.0,0.0,0.0,0.0,0.0,0.0,0.0,0.0,0.0,0.0,0.0,0.0,25.0,25.0
Iran,0.0,0.0,0.0,3.0303030303030303,0.0,0.0,3.0303030303030303,0.0,0.0,3.0303030303030303,0.0,9.090909090909092,0.0,3.0303030303030303,0.0,0.0,0.0,6.0606060606060606,6.0606060606060606,0.0,0.0,0.0,0.0,0.0,3.0303030303030303,9.090909090909092,15.151515151515152,39.39393939393939
Israel,14.285714285714285,0.0,0.0,0.0,0.0,0.0,0.0,0.0,7.142857142857142,7.142857142857142,0.0,0.0,0.0,0.0,0.0,0.0,28.57142857142857,0.0,0.0,7.142857142857142,0.0,0.0,0.0,0.0,7.142857142857142,0.0,7.142857142857142,21.428571428571427
Italy,0.0,0.0,20.0,40.0,0.0,0.0,0.0,0.0,0.0,0.0,0.0,0.0,0.0,0.0,0.0,0.0,20.0,0.0,0.0,0.0,0.0,0.0,0.0,0.0,0.0,0.0,20.0,0.0
Ivory Coast,0.0,0.0,0.0,25.0,0.0,0.0,0.0,0.0,0.0,0.0,0.0,0.0,0.0,0.0,0.0,0.0,0.0,0.0,0.0,0.0,0.0,0.0,0.0,0.0,0.0,0.0,25.0,50.0
Jamaica,0.0,0.0,0.0,0.0,0.0,0.0,0.0,0.0,0.0,0.0,0.0,0.0,0.0,0.0,0.0,0.0,0.0,0.0,0.0,0.0,0.0,0.0,0.0,0.0,0.0,0.0,0.0,100.0
Japan,0.0,0.0,0.0,0.0,0.0,0.0,0.0,0.0,0.0,0.0,0.0,0.0,0.0,0.0,0.0,0.0,0.0,0.0,0.0,100.0,0.0,0.0,0.0,0.0,0.0,0.0,0.0,0.0
Kazakhstan,0.0,0.0,0.0,0.0,0.0,0.0,0.0,0.0,0.0,0.0,0.0,0.0,0.0,0.0,0.0,0.0,0.0,0.0,9.090909090909092,0.0,0.0,18.181818181818183,0.0,0.0,0.0,18.181818181818183,0.0,54.54545454545454
Kenya,0.0,0.0,0.0,0.0,0.0,0.0,0.0,0.0,0.0,0.0,0.0,0.0,0.0,0.0,0.0,0.0,0.0,0.0,0.0,0.0,0.0,0.0,50.0,0.0,0.0,0.0,50.0,0.0
Korea North,0.0,0.0,0.0,0.0,0.0,0.0,0.0,0.0,0.0,0.0,0.0,0.0,0.0,0.0,0.0,0.0,0.0,0.0,0.0,0.0,0.0,0.0,0.0,0.0,0.0,0.0,100.0,0.0
"Korea, North",7.8125,0.0,0.0,0.0,1.5625,0.0,1.5625,0.0,0.0,0.0,0.0,3.125,0.0,6.25,6.25,3.125,4.6875,0.0,3.125,4.6875,1.5625,3.125,0.0,0.0,1.5625,1.5625,14.0625,35.9375
"Korea, South",0.0,0.0,20.0,0.0,0.0,0.0,0.0,0.0,0.0,0.0,0.0,20.0,0.0,0.0,0.0,0.0,40.0,0.0,0.0,0.0,0.0,0.0,0.0,0.0,0.0,0.0,20.0,0.0
Laos,0.0,0.0,33.33333333333333,0.0,0.0,0.0,0.0,0.0,0.0,0.0,0.0,0.0,0.0,0.0,0.0,0.0,0.0,0.0,0.0,66.66666666666666,0.0,0.0,0.0,0.0,0.0,0.0,0.0,0.0
Latvia,9.090909090909092,0.0,0.0,0.0,0.0,0.0,0.0,0.0,0.0,0.0,0.0,0.0,18.181818181818183,0.0,0.0,0.0,0.0,0.0,0.0,0.0,0.0,18.181818181818183,0.0,0.0,0.0,0.0,45.45454545454545,9.090909090909092
Lebanon,0.0,100.0,0.0,0.0,0.0,0.0,0.0,0.0,0.0,0.0,0.0,0.0,0.0,0.0,0.0,0.0,0.0,0.0,0.0,0.0,0.0,0.0,0.0,0.0,0.0,0.0,0.0,0.0
Lithuania,0.0,0.0,0.0,0.0,0.0,0.0,0.0,0.0,0.0,0.0,0.0,0.0,0.0,0.0,0.0,0.0,0.0,0.0,0.0,0.0,0.0,0.0,0.0,0.0,0.0,0.0,50.0,50.0
Luxembourg,100.0,0.0,0.0,0.0,0.0,0.0,0.0,0.0,0.0,0.0,0.0,0.0,0.0,0.0,0.0,0.0,0.0,0.0,0.0,0.0,0.0,0.0,0.0,0.0,0.0,0.0,0.0,0.0
Malaysia,50.0,0.0,0.0,0.0,0.0,0.0,0.0,0.0,0.0,0.0,0.0,0.0,0.0,0.0,0.0,0.0,0.0,0.0,0.0,0.0,0.0,8.333333333333332,0.0,0.0,0.0,0.0,16.666666666666664,25.0
Mali,0.0,0.0,0.0,0.0,0.0,0.0,0.0,0.0,100.0,0.0,0.0,0.0,0.0,0.0,0.0,0.0,0.0,0.0,0.0,0.0,0.0,0.0,0.0,0.0,0.0,0.0,0.0,0.0
Malta,0.0,0.0,0.0,0.0,0.0,0.0,0.0,0.0,0.0,0.0,0.0,0.0,0.0,0.0,0.0,0.0,0.0,0.0,0.0,0.0,0.0,0.0,0.0,0.0,0.0,0.0,100.0,0.0
Mauritius,0.0,0.0,0.0,0.0,0.0,0.0,0.0,0.0,0.0,0.0,0.0,0.0,0.0,0.0,0.0,0.0,0.0,0.0,0.0,0.0,0.0,0.0,100.0,0.0,0.0,0.0,0.0,0.0
Mexico,14.285714285714285,0.0,0.0,0.0,0.0,0.0,0.0,0.0,0.0,0.0,0.0,14.285714285714285,0.0,0.0,0.0,0.0,0.0,0.0,0.0,14.285714285714285,0.0,0.0,0.0,0.0,0.0,0.0,14.285714285714285,42.857142857142854
Moldova,6.25,0.0,0.0,0.0,0.0,6.25,0.0,0.0,0.0,0.0,0.0,31.25,0.0,0.0,0.0,0.0,0.0,0.0,0.0,0.0,6.25,0.0,0.0,0.0,0.0,18.75,12.5,18.75
Morocco,0.0,0.0,0.0,0.0,0.0,0.0,25.0,0.0,0.0,0.0,0.0,25.0,0.0,0.0,0.0,0.0,0.0,0.0,0.0,0.0,0.0,0.0,0.0,0.0,0.0,0.0,0.0,50.0
Mozambique,0.0,0.0,100.0,0.0,0.0,0.0,0.0,0.0,0.0,0.0,0.0,0.0,0.0,0.0,0.0,0.0,0.0,0.0,0.0,0.0,0.0,0.0,0.0,0.0,0.0,0.0,0.0,0.0
Myanmar,0.0,0.0,33.33333333333333,0.0,0.0,0.0,0.0,0.0,0.0,0.0,0.0,0.0,0.0,0.0,0.0,0.0,0.0,0.0,0.0,33.33333333333333,0.0,0.0,0.0,0.0,0.0,0.0,0.0,33.33333333333333
Netherlands,0.0,0.0,0.0,8.333333333333332,0.0,0.0,0.0,0.0,0.0,0.0,0.0,0.0,0.0,0.0,0.0,50.0,16.666666666666664,0.0,0.0,0.0,0.0,0.0,0.0,0.0,0.0,0.0,16.666666666666664,8.333333333333332
Nigeria,6.993006993006993,1.3986013986013985,0.0,3.4965034965034967,0.6993006993006993,2.097902097902098,2.797202797202797,0.0,1.3986013986013985,1.3986013986013985,1.3986013986013985,2.097902097902098,1.3986013986013985,0.6993006993006993,0.6993006993006993,4.895104895104895,5.594405594405594,0.0,0.6993006993006993,3.4965034965034967,2.097902097902098,2.097902097902098,3.4965034965034967,0.0,1.3986013986013985,2.797202797202797,18.181818181818183,28.671328671328673
Pakistan,0.0,0.0,0.0,0.0,0.0,0.0,0.0,0.0,0.0,0.0,0.0,25.0,25.0,0.0,0.0,0.0,0.0,0.0,0.0,25.0,0.0,0.0,0.0,0.0,0.0,0.0,0.0,25.0
Panama,0.0,0.0,0.0,33.33333333333333,0.0,0.0,0.0,0.0,0.0,0.0,0.0,33.33333333333333,0.0,0.0,0.0,0.0,0.0,0.0,0.0,0.0,0.0,0.0,0.0,0.0,0.0,0.0,0.0,33.33333333333333
Peru,0.0,0.0,0.0,0.0,0.0,0.0,0.0,0.0,0.0,0.0,0.0,0.0,0.0,0.0,0.0,0.0,0.0,100.0,0.0,0.0,0.0,0.0,0.0,0.0,0.0,0.0,0.0,0.0
Philippines,27.27272727272727,0.0,0.0,0.0,0.0,0.0,0.0,0.0,0.0,0.0,0.0,0.0,0.0,0.0,0.0,0.0,0.0,0.0,0.0,0.0,27.27272727272727,9.090909090909092,0.0,0.0,0.0,0.0,18.181818181818183,18.181818181818183
Poland,0.0,0.0,0.0,0.0,15.384615384615385,7.6923076923076925,0.0,0.0,0.0,0.0,0.0,0.0,0.0,0.0,0.0,0.0,0.0,0.0,61.53846153846154,0.0,0.0,0.0,0.0,0.0,0.0,0.0,7.6923076923076925,7.6923076923076925
Romania,2.083333333333333,0.0,0.0,4.166666666666666,1.0416666666666665,0.0,0.0,3.125,0.0,2.083333333333333,1.0416666666666665,1.0416666666666665,0.0,1.0416666666666665,0.0,3.125,8.333333333333332,0.0,0.0,5.208333333333334,8.333333333333332,5.208333333333334,0.0,0.0,0.0,7.291666666666667,14.583333333333334,32.29166666666667
Russia,6.25,0.3289473684210526,0.0,0.6578947368421052,2.9605263157894735,0.6578947368421052,1.644736842105263,1.644736842105263,0.6578947368421052,1.9736842105263157,0.9868421052631579,4.934210526315789,1.3157894736842104,1.644736842105263,0.3289473684210526,3.618421052631579,4.934210526315789,0.6578947368421052,2.9605263157894735,2.9605263157894735,0.6578947368421052,2.9605263157894735,0.0,0.6578947368421052,1.3157894736842104,4.605263157894736,17.434210526315788,31.25
Senegal,0.0,0.0,0.0,0.0,0.0,0.0,0.0,0.0,100.0,0.0,0.0,0.0,0.0,0.0,0.0,0.0,0.0,0.0,0.0,0.0,0.0,0.0,0.0,0.0,0.0,0.0,0.0,0.0
Serbia,0.0,0.0,0.0,100.0,0.0,0.0,0.0,0.0,0.0,0.0,0.0,0.0,0.0,0.0,0.0,0.0,0.0,0.0,0.0,0.0,0.0,0.0,0.0,0.0,0.0,0.0,0.0,0.0
Seychelles,50.0,0.0,0.0,0.0,0.0,0.0,0.0,0.0,0.0,0.0,0.0,50.0,0.0,0.0,0.0,0.0,0.0,0.0,0.0,0.0,0.0,0.0,0.0,0.0,0.0,0.0,0.0,0.0
Sierra Leone,0.0,0.0,0.0,0.0,0.0,0.0,0.0,0.0,25.0,0.0,0.0,0.0,0.0,0.0,0.0,0.0,0.0,0.0,0.0,0.0,0.0,0.0,25.0,0.0,0.0,0.0,50.0,0.0
Slovenia,0.0,0.0,0.0,0.0,0.0,0.0,0.0,0.0,0.0,0.0,0.0,0.0,0.0,0.0,0.0,0.0,50.0,0.0,0.0,0.0,0.0,0.0,0.0,0.0,0.0,0.0,50.0,0.0
South Africa,15.0,0.0,0.0,10.0,0.0,0.0,0.0,0.0,0.0,0.0,0.0,0.0,0.0,0.0,0.0,0.0,20.0,0.0,0.0,0.0,0.0,0.0,10.0,0.0,0.0,0.0,25.0,20.0
Spain,0.0,0.0,0.0,0.0,0.0,50.0,50.0,0.0,0.0,0.0,0.0,0.0,0.0,0.0,0.0,0.0,0.0,0.0,0.0,0.0,0.0,0.0,0.0,0.0,0.0,0.0,0.0,0.0
Sweden,0.0,0.0,100.0,0.0,0.0,0.0,0.0,0.0,0.0,0.0,0.0,0.0,0.0,0.0,0.0,0.0,0.0,0.0,0.0,0.0,0.0,0.0,0.0,0.0,0.0,0.0,0.0,0.0
Switzerland,0.0,0.0,0.0,25.0,0.0,0.0,0.0,0.0,0.0,0.0,0.0,0.0,0.0,0.0,0.0,0.0,25.0,0.0,0.0,25.0,0.0,0.0,0.0,0.0,0.0,0.0,25.0,0.0
Syria,0.0,0.0,0.0,0.0,0.0,0.0,0.0,0.0,0.0,0.0,0.0,0.0,0.0,0.0,0.0,0.0,0.0,0.0,0.0,0.0,0.0,0.0,0.0,0.0,0.0,0.0,0.0,100.0
Thailand,28.57142857142857,0.0,0.0,0.0,0.0,0.0,0.0,0.0,0.0,0.0,0.0,0.0,0.0,0.0,0.0,0.0,0.0,0.0,0.0,14.285714285714285,0.0,0.0,0.0,0.0,0.0,0.0,42.857142857142854,14.285714285714285
Togo,0.0,0.0,0.0,0.0,0.0,0.0,0.0,0.0,0.0,0.0,0.0,0.0,0.0,0.0,0.0,0.0,0.0,0.0,0.0,0.0,0.0,0.0,100.0,0.0,0.0,0.0,0.0,0.0
Tunisia,0.0,0.0,0.0,0.0,0.0,0.0,0.0,0.0,0.0,0.0,0.0,50.0,0.0,0.0,0.0,0.0,0.0,0.0,0.0,0.0,0.0,0.0,0.0,0.0,0.0,0.0,0.0,50.0
Turkey,0.0,0.0,10.0,10.0,0.0,10.0,10.0,0.0,0.0,0.0,0.0,0.0,0.0,0.0,0.0,0.0,0.0,0.0,0.0,0.0,0.0,30.0,0.0,0.0,0.0,10.0,0.0,20.0
Uganda,0.0,0.0,0.0,0.0,0.0,0.0,0.0,0.0,0.0,0.0,0.0,0.0,0.0,0.0,0.0,0.0,0.0,0.0,0.0,0.0,0.0,0.0,100.0,0.0,0.0,0.0,0.0,0.0
Ukraine,8.91089108910891,0.0,0.0,1.4851485148514851,4.455445544554455,0.9900990099009901,0.9900990099009901,0.49504950495049505,0.0,1.9801980198019802,0.49504950495049505,4.455445544554455,1.9801980198019802,2.4752475247524752,0.0,3.4653465346534658,0.9900990099009901,0.0,3.9603960396039604,1.4851485148514851,1.4851485148514851,4.9504950495049505,0.0,0.9900990099009901,0.0,6.435643564356436,16.831683168316832,30.693069306930692
United Arab Emirates,0.0,0.0,0.0,0.0,0.0,0.0,10.0,0.0,10.0,0.0,0.0,0.0,0.0,0.0,0.0,0.0,30.0,0.0,0.0,0.0,0.0,0.0,0.0,0.0,0.0,0.0,30.0,20.0
United Kingdom,3.508771929824561,0.0,5.263157894736842,5.263157894736842,3.508771929824561,0.0,0.0,1.7543859649122806,3.508771929824561,0.0,1.7543859649122806,5.263157894736842,0.0,0.0,0.0,1.7543859649122806,3.508771929824561,0.0,1.7543859649122806,5.263157894736842,0.0,0.0,0.0,0.0,0.0,0.0,43.859649122807014,14.035087719298245
United States,4.545454545454546,0.6493506493506493,1.2987012987012987,1.2987012987012987,3.2467532467532463,0.0,2.5974025974025974,2.5974025974025974,1.948051948051948,0.0,1.948051948051948,8.441558441558442,0.0,2.5974025974025974,1.2987012987012987,1.2987012987012987,5.844155844155844,1.2987012987012987,2.5974025974025974,8.441558441558442,0.0,0.0,0.0,0.6493506493506493,0.0,0.0,23.376623376623375,24.025974025974026
Venezuela,0.0,0.0,0.0,0.0,0.0,0.0,0.0,0.0,0.0,0.0,0.0,0.0,0.0,0.0,0.0,0.0,0.0,0.0,0.0,0.0,0.0,0.0,0.0,0.0,0.0,33.33333333333333,0.0,66.66666666666666
Vietnam,0.0,0.0,0.0,0.0,0.0,0.0,0.0,0.0,0.0,0.0,0.0,0.0,0.0,0.0,0.0,0.0,8.333333333333332,0.0,0.0,16.666666666666664,0.0,0.0,0.0,0.0,0.0,0.0,33.33333333333333,41.66666666666667
Zambia,0.0,0.0,0.0,0.0,0.0,0.0,0.0,0.0,0.0,0.0,0.0,0.0,0.0,0.0,0.0,0.0,0.0,0.0,0.0,0.0,0.0,0.0,0.0,0.0,0.0,0.0,0.0,100.0
